  0.00374549793971681  0.02694692860867593  0.05154667613179228  0.07620422559171297
  0.10131019959158555  0.12643592145389562  0.15174947357555410  0.17669775331505649
  0.20120033749083388  0.22475335918753137  0.24691926903062156  0.26859933318590523
  0.28918482416872426  0.30840125007502428  0.32696795627552283  0.34530338560357293
  0.36260945787692717  0.37846862927431846  0.39408808693122682  0.40986766356216481
  0.42513907515581728  0.43985476149705055  0.45436057200296226  0.46804769668130092
  0.48119563180401398  0.49354165585188126  0.50574925845459695  0.51795737937116015
  0.52972656378509109  0.54096132857341228  0.55175854119834866  0.56237151260283669
  0.57286986350145797  0.58306577521318970  0.59309495371599441  0.60295305945508648
  0.61272089856150180  0.62224709658962307  0.63151612647595445  0.64078617988886966
  0.65001192196424573  0.65922445018654630  0.66825671842664880  0.67716924211444018
  0.68584489778819702  0.69417906395229623  0.70227282449028072  0.71043432943029261
  0.71846526330068206  0.72649277045321115  0.73424730711166841  0.74177905152679968
  0.74923648307372104  0.75657660608047295  0.76389556796213065  0.77097603209748045
  0.77782576702341821  0.78453956783840351  0.79116693039668573  0.79769594368938623
  0.80417002890977884  0.81068768192352625  0.81720763009143593  0.82363069574994274
  0.83014592054280134  0.83658181739649873  0.84324012058878661  0.84953862647229983
  0.85554825466610995  0.86140831765559178  0.86728162667691100  0.87321302664758749
  0.87905830477588065  0.88473793444271920  0.89038034484892825  0.89602755062854900
  0.90161375276081757  0.90708474656765581  0.91247087293455553  0.91774043527995641
  0.92305215133155782  0.92849473370639013  0.93403566802791138  0.93957272420661742
  0.94503515445666275  0.95044509015674028  0.95578474321855689  0.96102054618950061
  0.96606902042839715  0.97100833484620452  0.97584911665149487  0.98057061825113545
  0.98517130527751551  0.98964255848449945  0.99383968644428822  1.00000000000000000
 -0.00267923803069051  0.00992913461422610  0.02039382934806299  0.03133852935896220
  0.04203910091336826  0.05304101171022967  0.06401051615970135  0.07501673721269707
  0.08603154356804384  0.09730208909828415  0.10815815094557860  0.11856658397233401
  0.12885644439818483  0.13904793087429862  0.14924392184955640  0.15945830160784977
  0.17038396840164161  0.18187906121111913  0.19332161345517174  0.20451345414199820
  0.21552816276712297  0.22647495560872913  0.23738750316601412  0.24823574116889996
  0.25896084579830592  0.26965901016720961  0.28046370219544542  0.29163468077035865
  0.30321859373418047  0.31459768291264312  0.32533972673952077  0.33576775295432615
  0.34623627171401644  0.35674231776195842  0.36718284071132518  0.37773282579854511
  0.38845920888630520  0.39890673878645483  0.40897177633665377  0.41872078244751043
  0.42831628606522071  0.43792067199422985  0.44747574864766321  0.45711261755135829
  0.46689579435897188  0.47686839191779679  0.48732234515806894  0.49815233593834712
  0.50911441779479250  0.51998039068094193  0.53067073574303225  0.54124545006435165
  0.55179640192559354  0.56235164311039487  0.57304554917415684  0.58362071514244762
  0.59442415186869335  0.60529768769834247  0.61634555602991237  0.62714233306890388
  0.63706353193319309  0.64657430899678991  0.65612672610238121  0.66618699302748829
  0.67660865924414559  0.68693451926101656  0.69731801886148959  0.70763720348347436
  0.71754828715988361  0.72762159579124608  0.73802635358222557  0.74847954771079783
  0.75865090337053254  0.76872755446181218  0.77968672329938471  0.79072028612601974
  0.80159745586394149  0.81206002708382152  0.82238596084315263  0.83259868238604418
  0.84228375471377015  0.85165447883182854  0.86096158436900516  0.87049692837146431
  0.88072474735765227  0.89175532576370153  0.90274111769139487  0.91375564984065893
  0.92475187517543234  0.93578880410654552  0.94661939337031353  0.95711499019588397
  0.96778221856863733  0.97824729723406512  0.98904601423067195  1.00000000000000000
  0.26216757198775131  0.26363085203457431  0.26487603192317771  0.26618905274985949
  0.26750062734957436  0.26883506343531438  0.27003290835555793  0.27155744968125861
  0.27327470287120126  0.27506725901249762  0.27683182335895967  0.27856957880501704
  0.28028537551188842  0.28200347043410878  0.28377085250585588  0.28561575759125840
  0.28751788759047459  0.28947678943610700  0.29146108336203780  0.29343629062215126
  0.29543368151016425  0.29742260013782146  0.29942917130171226  0.30151439855921103
  0.30367466770040880  0.30583606539757224  0.30797333974821867  0.31008121118183979
  0.31217399628708437  0.31434594052943848  0.31659863263071464  0.31884367117665940
  0.32112481040536112  0.32340503547249611  0.32566228524370316  0.32791103828310164
  0.33016711076741873  0.33244405075553152  0.33476987704568884  0.33715470822309346
  0.33954984151243878  0.34202094852895676  0.34451260202354683  0.34706926324062964
  0.34969716505502157  0.35231594940034644  0.35493162257192096  0.35756221485525114
  0.36023938540577582  0.36295069511915695  0.36564905515729795  0.36832213819044246
  0.37102006577235874  0.37376385734942758  0.37670324086176499  0.37974302239381735
  0.38281606474678576  0.38591172757096032  0.38900262109578854  0.39213849013723101
  0.39534758889290722  0.39869359571860369  0.40208280341847052  0.40554786378444863
  0.40905690265000749  0.41256588307095454  0.41602376987037459  0.41971838188881488
  0.42363369996444267  0.42765275609502373  0.43169098044025067  0.43565144859042049
  0.43979884384784690  0.44405599260593009  0.44842246566666871  0.45286342396363455
  0.45754865425756086  0.46251666264668517  0.46768315353949769  0.47292265164169872
  0.47828798891867003  0.48385507989074672  0.48958610954496562  0.49537793510953404
  0.50124069319152786  0.50718106852596467  0.51350188141534880  0.51996717415667604
  0.52669056351480348  0.53359515833633420  0.54090591322318882  0.54881186115891867
  0.55751346471170082  0.56472215685204075  0.56756297135388678  1.00000000000000000
 -0.00823878342650280  0.05182264586303398  0.07604748544029831  0.09223116845840468
  0.10521588265062705  0.11585325418801685  0.12549278888174309  0.13399034276812782
  0.14216421117153089  0.14964642874048384  0.15661507005581105  0.16354781574150903
  0.17033764818672012  0.17697734594812814  0.18352558247386755  0.19013915812774293
  0.19693277217419075  0.20378891581745648  0.21078395281362908  0.21804619648855489
  0.22559241002079522  0.23364050849191162  0.24236271738755938  0.25174940664570733
  0.26217717817168040  0.27377307194311457  0.28737713473785603  0.30426740556309589
  0.32440579001240255  0.34516982019568976  0.36267337415660228  0.37702923617538647
  0.38990086922621214  0.40174998986819133  0.41281392965765418  0.42296901217532873
  0.43230580067001428  0.44084106438681975  0.44878461540510001  0.45655207721890939
  0.46408327185599935  0.47124835962492206  0.47809502323071917  0.48482391603185393
  0.49162002808694688  0.49831380975361073  0.50510084811233169  0.51157570991644474
  0.51798477177165592  0.52408456277759363  0.53005147203479897  0.53612521021709780
  0.54219445266821276  0.54820130293219960  0.55396081808906028  0.55963603250595562
  0.56538451884773655  0.57131166431662328  0.57736587637975034  0.58346397242685977
  0.58969058414213893  0.59601730373864648  0.60204732541170736  0.60798106990490486
  0.61386326494298138  0.61979314119225659  0.62592008050424974  0.63219454166060873
  0.63836894660848442  0.64455713332584530  0.65045520131126999  0.65618354075267793
  0.66220980316902367  0.66830104493401665  0.67450917632648866  0.68088141515944278
  0.68725732252609739  0.69365145463009159  0.70006028339307358  0.70674341644455263
  0.71397742929558250  0.72154114821265181  0.72922808070916045  0.73708845910898146
  0.74522636218617100  0.75374048000286586  0.76298313164261555  0.77296423476147147
  0.78376213338152845  0.79553094699560734  0.80894917607989913  0.82485504759446415
  0.84381712922079066  0.86685338316200045  0.90316633663849843  1.00000000000000000
   4.2964978062329075E-015  -1.0000000000000000     
 T F F T F F F F F F F F T F F T F F F F F F F F F F F F F F F F
  <DiscreteSampler_grid>
  grouped_processes
  1 # 1 for a reference and 2 for a running grid.
  10 # Attribute 'min_bin_probing_points' of the grid.
  1 # Attribute 'grid_mode' of the grid. 1=='default',2=='initialization'
  0.0000000000000000 # Attribute 'small_contrib_threshold' of the grid.
  0.5000000000000000 # Attribute 'damping_power' of the grid.
 # binID   n_entries weight   weight_sqr   abs_weight
    10   10   2.706857309935938E+005   9.981227498425647E+010   2.706857309935938E+005
  </DiscreteSampler_grid>
